name,code,club_code,old_bps,new_bps,bps_change,old_bonus,new_bonus,bonus_change,old_points,new_points
Andersen,174874,31,679,486,-193,12,11,-1,121,120
Mitchell,244723,31,590,394,-196,10,8,-2,119,117
Edouard,199670,31,246,306,60,9,11,2,79,81
Estupiñan,204214,36,291,216,-75,7,6,-1,57,56
Morris,156700,102,451,546,95,18,22,4,146,150
Mitoma,451340,36,252,305,53,7,7,0,74,74
Kaminski,54738,102,642,305,-337,3,0,-3,86,83
João Pedro,475168,36,406,506,100,12,16,4,104,108
March,109345,36,134,154,20,6,6,0,39,39
Wan-Bissaka,214590,1,323,198,-125,5,5,0,47,47
R.Varane,90152,1,273,188,-85,2,3,1,44,45
Onana,202641,1,741,513,-228,10,9,-1,133,132
Wissa,216646,94,457,556,99,15,22,7,131,138
Maddison,172780,6,495,615,120,9,19,10,117,127
E.Royal,241157,6,233,153,-80,4,4,0,27,27
Bowen,178186,21,519,635,116,14,18,4,182,186
Souček,215439,21,456,510,54,9,9,0,116,116
Solanke,154566,91,560,675,115,20,26,6,175,181
Haaland,223094,43,792,923,131,29,32,3,217,220
Rodrigo,220566,43,737,816,79,19,21,2,159,161
Aké,126184,43,483,431,-52,6,5,-1,99,98
Isak,219168,4,645,732,87,23,27,4,172,176
Barnes,201666,4,205,250,45,3,4,1,64,65
Botman,220237,4,298,188,-110,4,3,-1,51,50
Diaby,243557,7,429,488,59,10,11,1,142,143
Disasi,220362,8,468,293,-175,6,3,-3,71,68
Chilwell,172850,8,123,87,-36,2,3,1,24,25
Luis Díaz,244731,14,413,519,106,9,11,2,142,144
Saka,223340,3,776,907,131,29,30,1,226,227
Nketiah,205533,3,206,258,52,5,6,1,71,72
Awoniyi,210156,17,247,285,38,5,7,2,67,69
Leno,80201,54,782,541,-241,15,12,-3,133,130
Diop,219924,54,259,161,-98,3,3,0,43,43
Ream,82514,54,267,151,-116,4,2,-2,40,38
Aurier,80226,17,137,88,-49,3,3,0,27,27
Wood,60689,17,456,521,65,22,22,0,131,131
Vicario,184254,6,730,494,-236,9,3,-6,112,106
Sarr,482442,6,397,440,43,4,4,0,86,86
Van de Ven,491279,6,501,372,-129,10,9,-1,81,80
Enciso,474120,36,62,88,26,0,1,1,20,21
Mbeumo,446008,94,364,438,74,12,13,1,127,128
Pinnock,231065,94,479,314,-165,5,5,0,77,77
Neto,69752,91,592,368,-224,14,7,-7,110,103
Diogo J.,194634,14,328,387,59,7,11,4,110,114
Semenyo,437730,91,363,447,84,14,15,1,107,108
Foden,209244,43,866,1022,156,31,32,1,230,231
J.Alvarez,461358,43,662,749,87,17,18,1,158,159
Akanji,211975,43,560,497,-63,8,4,-4,112,108
Rúben,171314,43,513,432,-81,3,5,2,88,90
Antonio,57531,21,228,284,56,8,9,1,78,79
Areola,84182,21,598,381,-217,11,7,-4,116,112
Ward-Prowse,101178,21,708,760,52,19,20,1,146,147
L.Paquetá,224024,21,398,480,82,7,11,4,100,104
Bailey,215711,7,482,544,62,11,14,3,148,151
McGinn,122806,7,502,599,97,9,11,2,119,121
Duran,476344,7,162,184,22,7,5,-2,50,48
Digne,101188,7,420,294,-126,5,3,-2,85,83
Martinez,98980,7,640,455,-185,19,10,-9,115,106
Ødegaard,184029,3,703,781,78,26,30,4,186,190
Saliba,462424,3,781,687,-94,13,11,-2,164,162
White,198869,3,776,672,-104,14,13,-1,182,181
Grealish,114283,43,199,250,51,6,6,0,50,50
Foderingham,82143,49,531,227,-304,7,5,-2,70,68
Kovačić,91651,43,316,341,25,2,3,1,59,60
B.Fernandes,141746,1,729,827,98,24,28,4,166,170
Eriksen,80607,1,248,259,11,4,2,-2,48,46
Gibbs-White,222531,17,563,646,83,13,15,2,142,144
Gross,60307,36,724,787,63,29,32,3,153,156
Schade,513418,94,81,95,14,2,2,0,33,33
Flekken,118342,94,685,437,-248,12,9,-3,119,116
Nørgaard,128295,94,414,460,46,3,4,1,74,75
Udogie,487053,6,402,276,-126,8,4,-4,79,75
Romero,221632,6,591,449,-142,15,9,-6,107,101
Pedro Porro,441164,6,720,555,-165,20,11,-9,136,127
Darwin,447203,14,397,504,107,9,15,6,132,138
Gordon,232826,4,594,719,125,14,17,3,183,186
A.Becker,116535,14,575,460,-115,9,2,-7,107,100
Salah,118748,14,621,741,120,24,29,5,211,216
José Sá,149065,39,622,399,-223,8,4,-4,107,103
Kilman,214048,39,592,360,-232,3,2,-1,82,81
Neto,247632,39,310,355,45,8,10,2,86,88
Kalajdžić,429414,39,88,96,8,4,4,0,24,24
Cash,199796,7,337,241,-96,4,3,-1,64,63
Kamara,226944,7,247,278,31,1,1,0,40,40
Foster,435973,90,229,272,43,4,6,2,75,77
Sterling,103955,8,323,406,83,8,11,3,123,126
Gusto,482609,8,409,337,-72,10,7,-3,74,71
N.Jackson,517052,8,479,595,116,12,17,5,142,147
J.Palhinha,154296,54,387,471,84,8,8,0,91,91
Andreas,156689,54,459,518,59,7,6,-1,127,126
Archer,433979,49,241,276,35,9,9,0,82,82
A.Doucoure,121599,11,335,385,50,7,10,3,116,119
Patterson,243571,11,187,108,-79,3,1,-2,34,32
Danjuma,220307,11,53,76,23,0,1,1,26,27
Rice,204480,3,744,797,53,17,17,0,165,165
G.Jesus,205651,3,271,341,70,10,10,0,85,85
Ferguson,487117,36,218,283,65,5,5,0,69,69
Gilmour,243568,36,354,394,40,4,4,0,61,61
Wilson,75115,4,246,299,53,4,5,1,69,70
Jensen,207283,94,422,455,33,10,10,0,98,98
Brooks,111317,91,71,82,11,2,0,-2,23,21
Eze,232413,31,490,604,114,11,12,1,136,137
Son,85971,6,707,822,115,25,26,1,213,214
Solomon,235674,6,53,56,3,2,1,-1,14,13
Zouma,103192,21,444,212,-232,6,4,-2,76,74
Andersen,208904,102,75,55,-20,1,0,-1,15,14
Alexander-Arnold,169187,14,590,503,-87,19,14,-5,122,117
Szoboszlai,424876,14,437,496,59,7,7,0,99,99
Boly,90585,17,275,185,-90,7,2,-5,58,53
Worrall,208912,17,74,40,-34,3,2,-1,13,12
Elanga,449434,17,386,456,70,5,9,4,119,123
McKenna,168281,17,64,42,-22,1,2,1,12,13
Kulusevski,445044,6,463,538,75,14,14,0,130,130
Hamer,196100,49,462,505,43,5,6,1,108,109
Richarlison,212319,6,305,385,80,7,10,3,122,125
Welbeck,50175,36,261,314,53,5,5,0,79,79
Hudson-Odoi,209046,17,371,444,73,14,16,2,109,111
Amdouni,492831,90,243,324,81,11,13,2,85,87
Beyer,241231,90,236,150,-86,4,2,-2,30,28
Trippier,77794,4,589,442,-147,20,18,-2,111,109
Schär,119471,4,629,441,-188,12,11,-1,123,122
Sanchez,215059,8,317,214,-103,7,5,-2,59,57
Kelly,235530,91,293,180,-113,5,5,0,48,48
Bernardo,165809,43,604,660,56,20,15,-5,141,136
Doku,248875,43,391,462,71,13,13,0,98,98
Robertson,122798,14,463,392,-71,8,5,-3,76,73
Gakpo,243298,14,409,495,86,12,17,5,106,111
Castagne,166477,54,510,368,-142,7,5,-2,105,103
Vinícius,245824,54,77,89,12,2,2,0,22,22
Douglas Luiz,230046,7,666,733,67,25,23,-2,148,146
Trossard,116216,3,398,462,64,11,11,0,138,138
Raya,154561,3,569,474,-95,6,5,-1,135,134
Zinchenko,206325,3,468,423,-45,16,12,-4,104,100
Bruno G.,208706,4,691,831,140,15,18,3,153,156
Evans,37642,1,293,210,-83,3,3,0,49,49
Dalot,216051,1,662,470,-192,13,9,-4,111,107
Walker,58621,43,633,541,-92,13,8,-5,123,118
Gvardiol,477424,43,549,505,-44,12,12,0,123,123
Tarkowski,17761,11,649,478,-171,10,10,0,117,117
Garner,232928,11,421,485,64,3,3,0,87,87
Lockyer,108796,102,162,82,-80,1,0,-1,23,22
Doughty,244262,102,577,306,-271,11,5,-6,101,95
Ogbene,229164,102,387,465,78,7,12,5,84,89
Virgil,97032,14,662,543,-119,8,5,-3,117,114
Mac Allister,243016,14,512,575,63,12,12,0,109,109
Watkins,178301,7,752,887,135,29,36,7,228,235
Pau,244954,7,461,333,-128,4,3,-1,85,84
Konsa,199798,7,562,420,-142,7,7,0,91,91
Guéhi,209036,31,397,295,-102,6,5,-1,66,65
Johnstone,101982,31,310,202,-108,7,4,-3,68,65
Robinson,169528,54,662,456,-206,8,3,-5,104,99
Coufal,164555,21,514,264,-250,9,6,-3,85,82
Emerson,109533,21,519,292,-227,8,6,-2,82,80
Colwill,460028,8,355,271,-84,4,4,0,65,65
T.Silva,51090,8,604,440,-164,12,5,-7,98,91
Mudryk,465920,8,291,342,51,5,7,2,94,96
Broja,440323,54,72,91,19,0,1,1,35,36
Dominguez,250199,17,276,304,28,6,6,0,67,67
Hee Chan,184754,39,334,400,66,10,11,1,125,126
Cunha,430871,39,520,642,122,15,18,3,135,138
Almirón,179018,4,277,323,46,4,3,-1,77,76
Adebayo,174310,102,288,332,44,9,8,-1,94,93
Berge,207189,90,430,455,25,3,1,-2,74,72
Bruun Larsen,179458,90,237,272,35,7,9,2,82,84
Mykolenko,224967,11,452,323,-129,9,8,-1,101,100
Calvert-Lewin,177815,11,259,347,88,9,11,2,101,103
Willian,47431,54,390,452,62,6,7,1,94,95
De Cordova-Reid,96994,54,290,331,41,7,7,0,92,92
Vini Souza,424001,49,357,383,26,4,4,0,73,73
Palmer,244851,8,844,951,107,32,38,6,244,250
Odobert,550839,90,303,350,47,3,5,2,82,84
McTominay,195851,1,307,366,59,5,8,3,98,101
Maguire,95658,1,351,251,-100,6,3,-3,73,70
Dunk,83299,36,567,391,-176,11,6,-5,89,84
Adingra,535818,36,330,393,63,8,11,3,97,100
Murillo,575476,17,451,246,-205,1,2,1,58,59
Harrison,221399,11,292,340,48,5,5,0,92,92
Pickford,111234,11,734,536,-198,22,15,-7,153,146
Gabriel,226597,3,676,626,-50,8,6,-2,149,147
Martinelli,444145,3,404,468,64,6,7,1,118,119
Kudus,460842,21,476,585,109,13,17,4,137,141
McBurnie,169432,49,225,282,57,9,11,2,66,68
Gallagher,232787,8,618,716,98,10,10,0,129,129
Ansu Fati,465607,36,84,119,35,1,0,-1,33,32
Billing,168991,91,228,256,28,3,2,-1,60,59
J.Murphy,114243,4,312,347,35,4,6,2,82,84
Ajer,191866,94,323,209,-114,3,2,-1,68,67
Collins,432830,94,489,312,-177,8,6,-2,84,82
O'Shea,216616,90,478,219,-259,2,1,-1,69,68
Mario Jr.,151086,39,490,550,60,13,12,-1,95,94
J.Ayew,80146,31,325,457,132,3,6,3,109,112
Johnson,242898,6,397,468,71,9,11,2,131,133
Branthwaite,480455,11,621,472,-149,10,9,-1,124,123
Norwood,79934,49,232,251,19,3,2,-1,42,41
Bellegarde,231057,39,150,184,34,1,1,0,45,45
Verbruggen,489639,36,417,307,-110,7,4,-3,68,65
Van Hecke,469142,36,454,331,-123,3,2,-1,61,60
Toffolo,114241,17,263,159,-104,3,3,0,52,52
Aina,159506,17,289,160,-129,2,3,1,45,46
Niakhaté,199170,17,238,100,-138,1,0,-1,29,28
Mangala,179519,17,186,209,23,0,1,1,40,41
Maupay,115382,94,248,326,78,6,9,3,76,79
Joelinton,180974,4,209,246,37,3,3,0,45,45
Lascelles,101148,4,212,156,-56,3,2,-1,46,45
Schlupp,86417,31,201,238,37,4,4,0,66,66
Kaboré,476369,102,236,112,-124,3,0,-3,34,31
Gomez,171287,14,390,334,-56,2,3,1,76,77
Chong,222677,102,222,300,78,3,8,5,78,83
Barkley,88894,102,498,576,78,4,11,7,101,108
Igor,223434,36,311,211,-100,1,0,-1,37,36
Lindelof,184667,1,291,237,-54,7,7,0,62,62
Reguilón,199249,94,350,265,-85,14,12,-2,74,72
Tsimikas,214285,14,201,180,-21,4,3,-1,48,47
Pope,98747,4,279,218,-61,1,0,-1,57,56
Sarabia,88484,39,358,415,57,8,10,2,99,101
Brownhill,172782,90,365,411,46,2,3,1,78,79
Raúl,102057,54,237,292,55,13,13,0,72,72
Lerma,152551,31,338,381,43,4,4,0,64,64
Gana,80801,11,337,382,45,10,10,0,73,73
Tavernier,201658,91,324,378,54,5,5,0,89,89
Kluivert,222683,91,229,297,68,2,7,5,100,105
Baldock,82691,49,117,47,-70,2,0,-2,21,19
Miley,547719,4,232,244,12,1,1,0,44,44
Martial,148225,1,73,87,14,2,3,1,25,26
Tomiyasu,223723,3,244,218,-26,4,3,-1,70,69
Iwobi,153133,54,425,476,51,9,10,1,102,103
Rodriguez,44683,90,108,128,20,3,3,0,41,41
Olise,443661,31,438,521,83,21,22,1,125,126
Brown,242453,102,115,146,31,3,3,0,39,39
Mengi,244856,102,345,124,-221,1,1,0,42,42
Lo Celso,200826,6,189,227,38,6,7,1,47,48
Taylor,103914,90,347,181,-166,1,1,0,47,47
Enzo,448047,8,369,426,57,4,5,1,77,78
B.Badiashile,242880,8,267,151,-116,4,2,-2,35,33
Buonanotte,536916,36,160,217,57,1,2,1,57,58
Livramento,441191,4,253,177,-76,4,1,-3,45,42
Yates,204968,17,235,306,71,1,5,4,59,63
Mee,51927,94,210,105,-105,3,2,-1,39,38
Christie,158499,91,433,497,64,5,5,0,90,90
Kerkez,544877,91,290,173,-117,1,0,-1,59,58
Bentley,79602,39,73,45,-28,1,0,-1,18,17
Wilson,153682,54,307,373,66,5,7,2,94,96
Hinshelwood,532529,36,155,174,19,5,5,0,42,42
Janelt,204580,94,466,508,42,1,1,0,93,93
Senesi,221466,91,486,329,-157,13,10,-3,102,99
Moore,128340,91,38,44,6,2,2,0,14,14
McNeil,433154,11,515,576,61,8,10,2,124,126
Young,18892,11,375,267,-108,3,3,0,76,76
Toti,510362,39,468,295,-173,6,3,-3,82,79
Dawson,60232,39,421,294,-127,6,4,-2,69,67
Ahmedhodžić,233821,49,325,-8,-333,4,2,-2,31,29
Robinson,83427,49,375,69,-306,1,1,0,33,33
Dobbin,461421,11,54,64,10,0,1,1,18,19
L.Cook,155408,91,446,470,24,5,4,-1,77,76
Trafford,432720,90,533,290,-243,5,3,-2,70,68
Williams,215136,17,224,130,-94,2,2,0,39,39
Mateta,231747,31,563,635,72,22,23,1,165,166
Elliott,444884,14,402,447,45,8,7,-1,96,95
Tosin,109646,54,327,242,-85,2,3,1,66,67
Diego Carlos,165659,7,338,200,-138,1,1,0,55,55
Alex Moreno,106468,7,211,155,-56,5,6,1,49,50
Lewis-Potter,249231,94,186,244,58,1,3,2,73,75
R.Lewis,477064,43,215,207,-8,2,1,-1,52,51
Burn,78916,4,493,334,-159,4,3,-1,97,96
Krafth,111773,4,187,134,-53,1,0,-1,33,32
Fabianski,37096,21,152,68,-84,1,1,0,24,24
Onana,449871,11,304,361,57,5,5,0,66,66
Keane,106611,11,72,28,-44,2,2,0,18,18
Nkunku,213198,8,96,117,21,4,4,0,29,29
Aït-Nouri,448514,39,365,262,-103,6,7,1,77,78
Doherty,87835,39,186,119,-67,1,0,-1,41,40
João Gomes,448089,39,359,411,52,3,5,2,75,77
Townsend,60252,102,208,234,26,3,3,0,61,61
Bell,165183,102,263,119,-144,3,1,-2,35,33
Sambi,437742,102,231,265,34,4,5,1,47,48
Madueke,248857,8,253,296,43,7,7,0,76,76
Dendoncker,151589,7,64,67,3,3,3,0,20,20
Garnacho,493105,1,372,480,108,7,8,1,131,132
Højlund,497894,1,362,432,70,14,19,5,112,117
Veliz,536908,6,40,43,3,0,1,1,11,12
Scott,503139,91,163,194,31,3,3,0,41,41
Zabarnyi,477580,91,583,343,-240,3,1,-2,84,82
Mavropanos,233963,21,229,135,-94,3,3,0,40,40
G.Montiel,218430,17,152,109,-43,4,3,-1,28,27
Steele,49262,36,300,165,-135,5,3,-2,42,40
Jones,206915,14,171,195,24,2,2,0,40,40
Dubravka,67089,4,426,259,-167,3,2,-1,75,74
Cairney,76357,54,346,385,39,2,1,-1,70,69
Ings,84939,21,105,119,14,4,3,-1,36,35
Petrović,457569,8,414,287,-127,5,3,-2,71,69
Toney,144485,94,159,230,71,4,10,6,57,63
Danilo,513046,17,302,325,23,4,4,0,65,65
De Bruyne,61366,43,415,462,47,11,13,2,98,100
Bobb,477555,43,112,117,5,2,1,-1,30,29
Brereton Díaz,204814,49,173,224,51,5,6,1,62,63
Bradley,492777,14,211,203,-8,7,6,-1,50,49
Mainoo,516895,1,327,360,33,8,5,-3,77,74
Osho,199056,102,286,116,-170,1,1,0,41,41
Álvarez,213999,21,345,366,21,3,3,0,62,62
Matheus N.,465351,43,118,159,41,1,1,0,32,32
Sinisterra,224995,91,149,171,22,2,2,0,43,43
Longstaff,180135,4,418,482,64,3,4,1,110,111
D.D.Fofana,520295,90,133,181,48,8,8,0,50,50
Muniz,244042,54,299,385,86,12,15,3,97,100
Stones,97299,43,239,212,-27,3,2,-1,53,52
Ederson M.,121160,43,569,465,-104,5,3,-2,112,110
Sels,85633,17,206,101,-105,1,1,0,34,34
Havertz,219847,3,515,613,98,15,17,2,180,182
Tielemans,166989,7,318,357,39,2,3,1,77,78
Wharton,496221,31,222,245,23,4,2,-2,50,48
Bassey,232892,54,442,287,-155,4,2,-2,66,64
C.Richards,427623,31,370,231,-139,4,4,0,62,62
Muñoz,247348,31,270,190,-80,3,2,-1,56,55
Matheus França,536694,31,47,53,6,0,1,1,16,17
Kiwior,440854,3,260,235,-25,1,0,-1,67,66
Roerslev,226956,94,354,211,-143,3,0,-3,75,72
Rashford,176297,1,330,389,59,0,1,1,108,109
Kelleher,200720,14,198,154,-44,3,2,-1,34,33
Konaté,204716,14,315,256,-59,2,0,-2,56,54
Werner,165153,6,173,192,19,5,5,0,46,46
O.Dango,533463,91,207,238,31,3,3,0,56,56
Reed,153366,54,205,219,14,0,1,1,47,48
Cullen,172567,90,375,434,59,5,5,0,65,65
Woodrow,91046,102,118,130,12,3,4,1,33,34
Burke,156658,102,260,130,-130,2,2,0,40,40
Zaniolo,245414,7,36,77,41,0,2,2,34,36
Muric,232917,90,241,176,-65,12,0,-12,47,35
Beto,486385,11,105,148,43,3,3,0,50,50
Adams,200785,91,28,31,3,1,1,0,5,5
Ortega Moreno,88248,43,114,87,-27,2,2,0,22,22
Smith,54469,91,378,268,-110,4,4,0,80,80
Hall,487838,4,171,136,-35,3,2,-1,38,37
Vitinho,441455,90,259,119,-140,2,1,-1,60,59
Jorginho,85955,3,182,197,15,1,0,-1,44,43
Clark,96784,102,156,190,34,3,3,0,44,44
Coleman,59949,11,141,106,-35,3,2,-1,30,29
Zanka,48760,94,179,93,-86,3,3,0,29,29
Cucurella,179268,8,318,229,-89,3,3,0,44,44
Ekdal,478969,90,77,49,-28,3,3,0,15,15
Henderson,172649,31,293,175,-118,2,1,-1,48,47
Assignon,503724,90,140,36,-104,3,3,0,25,25
Travers,229600,91,79,60,-19,2,2,0,19,19
Hughes,108413,31,252,288,36,2,2,0,61,61
Gravenberch,441266,14,176,207,31,3,3,0,45,45
Chalobah,180736,8,221,172,-49,4,3,-1,39,38
Caicedo,486672,8,466,525,59,6,6,0,84,84
Antony,467169,1,184,246,62,0,3,3,47,50
Enes Ünal,168636,91,99,124,25,3,3,0,40,40
Olsen,111782,7,107,53,-54,3,3,0,17,17
Webster,110735,36,212,127,-85,2,0,-2,26,24
Amad,493250,1,68,80,12,3,3,0,23,23
Anderson,215379,4,144,171,27,3,3,0,42,42
Quansah,441428,14,263,213,-50,5,3,-2,49,47
Adama,159533,54,113,131,18,1,1,0,36,36
Ward,55494,31,304,174,-130,0,0,0,54,54
C.Doucouré,438464,31,141,146,5,0,0,0,21,21
Egan,108416,49,54,-11,-65,0,0,0,1,1
Lowe,155197,49,47,2,-45,0,0,0,13,13
Osborn,167878,49,182,191,9,0,0,0,38,38
Larouci,432990,49,63,26,-37,0,0,0,10,10
Brooks,538210,49,82,95,13,0,0,0,26,26
Tomkins,49413,31,12,4,-8,0,0,0,3,3
Basham,40386,49,35,14,-21,0,0,0,8,8
Hackford,487836,49,5,5,0,0,0,0,2,2
T.Bénie,523957,49,14,20,6,0,0,0,11,11
Seriki,471848,49,0,0,0,0,0,0,0,0
Norrington-Davies,443211,49,12,-11,-23,0,0,0,2,2
Matthews,169593,31,3,-1,-4,0,0,0,1,1
Ebiowei,450535,31,0,0,0,0,0,0,0,0
Plange,450541,31,0,0,0,0,0,0,0,0
O'Brien,512462,31,0,0,0,0,0,0,0,0
Jebbison,523700,49,3,3,0,0,0,0,1,1
Ndiaye,440993,49,0,0,0,0,0,0,0,0
Riedewald,173954,31,35,37,2,0,0,0,12,12
Bogle,226182,49,354,82,-272,0,0,0,63,63
Trusty,201410,49,349,42,-307,0,0,0,28,28
Clyne,57328,31,259,198,-61,0,0,0,52,52
Whitworth,487818,31,0,0,0,0,0,0,0,0
Rak-Sakyi,450542,31,21,28,7,0,0,0,8,8
Fleck,47247,49,13,15,2,0,0,0,3,3
Gordon,461382,31,0,0,0,0,0,0,0,0
Ahamada,466117,31,52,62,10,0,0,0,16,16
Marsh,532377,49,0,0,0,0,0,0,0,0
Brewster,195473,49,14,25,11,0,0,0,11,11
Amissah,538206,49,0,0,0,0,0,0,0,0
A.Davies,102549,49,0,0,0,0,0,0,0,0
Coulibaly,476938,49,0,0,0,0,0,0,0,0
Guaita,40836,31,0,0,0,0,0,0,0,0
Slimane,504198,49,23,35,12,0,0,0,14,14
Osula,538207,49,27,55,28,0,0,0,25,25
Milner,15157,36,146,152,6,0,0,0,28,28
Dahoud,168090,36,68,72,4,0,0,0,14,14
Nakamba,184704,102,131,140,9,0,0,0,21,21
Berry,82738,102,94,109,15,0,0,0,31,31
Giles,232351,102,81,31,-50,0,0,0,11,11
Shea,77818,102,8,8,0,0,0,0,1,1
Moder,243505,36,89,100,11,0,0,0,21,21
Zeqiri,204676,36,0,0,0,0,0,0,0,0
Pereira,243532,102,0,0,0,0,0,0,0,0
Thorpe,232477,102,0,0,0,0,0,0,0,0
Scherpen,240514,36,0,0,0,0,0,0,0,0
Connolly,233425,36,0,0,0,0,0,0,0,0
Taylor,242500,102,0,0,0,0,0,0,0,0
Campbell,193195,102,0,0,0,0,0,0,0,0
Mendes,453537,102,0,0,0,0,0,0,0,0
McAtee,422303,102,0,0,0,0,0,0,0,0
McGill,209288,36,0,0,0,0,0,0,0,0
Muskwe,174595,102,0,0,0,0,0,0,0,0
Francis-Clarke,552030,102,0,0,0,0,0,0,0,0
Lallana,39155,36,95,110,15,0,0,0,30,30
Pepple,490180,102,0,0,0,0,0,0,0,0
Alzate,235382,36,0,0,0,0,0,0,0,0
Sarmiento,441192,36,0,0,0,0,0,0,0,0
Karbownik,442229,36,0,0,0,0,0,0,0,0
Ayari,509416,36,0,0,0,0,0,0,0,0
Onyedinma,168035,102,19,29,10,0,0,0,11,11
Kozłowski,484658,36,0,0,0,0,0,0,0,0
Macey,113534,102,0,0,0,0,0,0,0,0
Watson,223333,102,0,0,0,0,0,0,0,0
Potts,108411,102,0,0,0,0,0,0,0,0
Freeman,49083,102,0,0,0,0,0,0,0,0
Walton,207722,102,0,0,0,0,0,0,0,0
Undav,450434,36,0,0,0,0,0,0,0,0
Rea,165152,102,0,0,0,0,0,0,0,0
Lamptey,232792,36,155,93,-62,0,0,0,31,31
Mpanzu,104047,102,107,123,16,0,0,0,35,35
Veltman,111478,36,294,214,-80,0,0,0,49,49
Shaw,106760,1,195,146,-49,0,0,0,31,31
Casemiro,61256,1,323,351,28,0,0,0,58,58
N.Semedo,200402,39,455,245,-210,0,0,0,63,63
Fábio Silva,449988,39,7,17,10,0,0,0,8,8
Mount,184341,1,93,104,11,0,0,0,23,23
H.Bueno,490721,39,136,78,-58,0,0,0,29,29
Martinez,221820,1,134,89,-45,0,0,0,15,15
Sancho,209243,1,11,13,2,0,0,0,3,3
Pellistri,488404,1,36,46,10,0,0,0,13,13
Boubacar Traore,476502,39,122,128,6,0,0,0,25,25
Bailly,197365,1,0,0,0,0,0,0,0,0
Van de Beek,180184,1,3,3,0,0,0,0,1,1
Jordão,428610,39,0,0,0,0,0,0,0,0
Shoretire,472464,1,0,0,0,0,0,0,0,0
Cundle,245923,39,0,0,0,0,0,0,0,0
Šarkić,216208,39,0,0,0,0,0,0,0,0
Guedes,181284,39,0,0,0,0,0,0,0,0
J.Otto,114128,39,3,3,0,0,0,0,1,1
Hannibal,465527,1,34,42,8,0,0,0,11,11
B.Williams,232937,1,0,0,0,0,0,0,0,0
Fred,101582,1,0,0,0,0,0,0,0,0
Hodge,240299,39,0,0,0,0,0,0,0,0
Forson,487828,1,23,23,0,0,0,0,7,7
Bolla,431960,39,0,0,0,0,0,0,0,0
Podence,200600,39,0,0,0,0,0,0,0,0
Chiquinho,510363,39,0,0,0,0,0,0,0,0
Hoever,441271,39,0,0,0,0,0,0,0,0
King,138001,39,0,0,0,0,0,0,0,0
Heaton,21205,1,0,0,0,0,0,0,0,0
Alex Telles,152590,1,0,0,0,0,0,0,0,0
Fernandez,515501,1,0,0,0,0,0,0,0,0
Malacia,222690,1,0,0,0,0,0,0,0,0
Bissouma,227127,6,315,356,41,0,0,0,44,44
Henry,194010,94,74,60,-14,0,0,0,13,13
Skipp,209042,6,105,119,14,0,0,0,22,22
Perišić,45034,6,34,31,-3,0,0,0,6,6
Damsgaard,440089,94,155,171,16,0,0,0,45,45
Baptiste,432160,94,83,87,4,0,0,0,19,19
Sánchez,173904,6,9,2,-7,0,0,0,0,0
Hickey,472713,94,87,57,-30,0,0,0,17,17
Austin,214572,6,0,0,0,0,0,0,0,0
Cox,503300,94,0,0,0,0,0,0,0,0
Davies,115556,6,216,155,-61,0,0,0,34,34
Sessegnon,184349,6,0,0,0,0,0,0,0,0
Højbjerg,132015,6,239,268,29,0,0,0,39,39
Whiteman,175941,6,0,0,0,0,0,0,0,0
Trevitt,591357,94,0,0,0,0,0,0,0,0
Bryan,436234,6,41,46,5,0,0,0,12,12
Dervişoğlu,434662,94,0,0,0,0,0,0,0,0
Rodon,214225,6,0,0,0,0,0,0,0,0
Balcombe,235448,94,0,0,0,0,0,0,0,0
Ndombele,231372,6,0,0,0,0,0,0,0,0
Scarlett,490145,6,10,12,2,0,0,0,4,4
Tanganga,199584,6,0,0,0,0,0,0,0,0
Goode,213687,94,0,0,0,0,0,0,0,0
Dasilva,183656,94,6,6,0,0,0,0,3,3
Dier,93264,6,31,0,-31,0,0,0,2,2
Lloris,37915,6,0,0,0,0,0,0,0,0
Strakosha,140200,94,24,17,-7,0,0,0,4,4
Onyeka,428580,94,150,199,49,0,0,0,39,39
Bidstrup,481405,94,0,0,0,0,0,0,0,0
Olakigbe,501284,94,14,14,0,0,0,0,8,8
Spence,232859,6,0,0,0,0,0,0,0,0
Kane,78830,6,0,0,0,0,0,0,0,0
Yarmoliuk,508395,94,95,98,3,0,0,0,33,33
Forster,40383,6,0,0,0,0,0,0,0,0
Canós,174932,94,0,0,0,0,0,0,0,0
Bentancur,202993,6,153,178,25,0,0,0,32,32
Bech,228044,94,0,0,0,0,0,0,0,0
Aarons,232980,91,199,85,-114,0,0,0,28,28
Rothwell,156685,91,54,56,2,0,0,0,13,13
Benrahma,172841,21,64,80,16,0,0,0,20,20
P.Fornals,217593,21,68,79,11,0,0,0,19,19
N.Aguerd,210494,21,282,118,-164,0,0,0,36,36
Kehrer,201057,21,7,3,-4,0,0,0,2,2
Cornet,149519,21,40,44,4,0,0,0,13,13
Mepham,223911,91,113,53,-60,0,0,0,16,16
Hill,463981,91,22,18,-4,0,0,0,5,5
Anthony,444180,91,4,8,4,0,0,0,3,3
Radu,215531,91,31,3,-28,0,0,0,2,2
Scamacca,195899,21,0,0,0,0,0,0,0,0
Pearson,156687,91,0,0,0,0,0,0,0,0
Ogbonna,40669,21,103,50,-53,0,0,0,19,19
Randolph,32259,91,0,0,0,0,0,0,0,0
Johnson,222018,21,90,37,-53,0,0,0,17,17
Downes,220585,21,0,0,0,0,0,0,0,0
Greenwood,474772,91,0,0,0,0,0,0,0,0
Mubama,487837,21,14,15,1,0,0,0,5,5
Vlašić,180151,21,0,0,0,0,0,0,0,0
Hamed Traorè,424044,91,10,14,4,0,0,0,3,3
Cresswell,55459,21,71,30,-41,0,0,0,10,10
Fredericks,81012,91,0,0,0,0,0,0,0,0
Siriki,244085,91,0,0,0,0,0,0,0,0
Coventry,222017,21,0,0,0,0,0,0,0,0
Marcondes,133845,91,0,0,0,0,0,0,0,0
Lowe,128309,91,0,0,0,0,0,0,0,0
Kilkenny,444183,91,0,0,0,0,0,0,0,0
Anang,447879,21,0,0,0,0,0,0,0,0
Laporte,146941,43,4,6,2,0,0,0,1,1
Koleosho,487702,90,80,103,23,0,0,0,40,40
McAtee,432714,49,259,304,45,0,0,0,77,77
Redmond,83283,90,38,40,2,0,0,0,11,11
Al-Dakhil,487968,90,127,33,-94,0,0,0,19,19
Franchi,493347,90,0,0,0,0,0,0,0,0
Vigouroux,133085,90,0,0,0,0,0,0,0,0
Costelloe,530873,90,0,0,0,0,0,0,0,0
McNally,483391,90,0,0,0,0,0,0,0,0
Twine,226473,90,0,0,0,0,0,0,0,0
Sergio Gómez,437468,43,24,16,-8,0,0,0,9,9
Peacock-Farrell,220037,90,0,0,0,0,0,0,0,0
Obafemi,220598,90,4,4,0,0,0,0,2,2
Doyle,220394,39,197,208,11,0,0,0,38,38
Charles,463210,43,0,0,0,0,0,0,0,0
Perrone,482769,43,0,0,0,0,0,0,0,0
Weghorst,120202,90,0,0,0,0,0,0,0,0
Mahrez,103025,43,0,0,0,0,0,0,0,0
Thomas,461102,90,0,0,0,0,0,0,0,0
Gudmundsson,60586,90,193,225,32,0,0,0,48,48
Bastien,189776,90,0,0,0,0,0,0,0,0
Cork,40145,90,8,9,1,0,0,0,4,4
Cancelo,121145,43,0,0,0,0,0,0,0,0
Steffen,164484,43,0,0,0,0,0,0,0,0
Agyei,578614,90,0,0,0,0,0,0,0,0
Churlinov,250735,90,0,0,0,0,0,0,0,0
Egan-Riley,432711,90,0,0,0,0,0,0,0,0
Carson,17601,43,0,0,0,0,0,0,0,0
Dodgson,461567,90,0,0,0,0,0,0,0,0
Phillips,155405,21,27,38,11,0,0,0,10,10
Benson,183751,90,22,30,8,0,0,0,8,8
Roberts,192290,90,111,28,-83,0,0,0,12,12
Zaroury,511783,90,10,15,5,0,0,0,4,4
Tonali,432422,4,86,96,10,0,0,0,16,16
Coutinho,84583,7,7,10,3,0,0,0,2,2
Philogene,481624,7,3,3,0,0,0,0,1,1
A.Murphy,545477,4,6,6,0,0,0,0,2,2
Iroegbunam,490094,7,29,32,3,0,0,0,10,10
Chambers,101184,7,37,14,-23,0,0,0,6,6
J.Lewis,194799,4,0,0,0,0,0,0,0,0
Sinisalo,248164,7,0,0,0,0,0,0,0,0
Ashby,441024,4,0,0,0,0,0,0,0,0
Willock,200089,4,60,69,9,0,0,0,18,18
Manquillo,109528,4,0,0,0,0,0,0,0,0
Dummett,106618,4,10,6,-4,0,0,0,5,5
Kellyman,549068,7,6,6,0,0,0,0,2,2
Darlow,59735,4,0,0,0,0,0,0,0,0
Targett,169359,4,15,1,-14,0,0,0,2,2
Buendia,195546,7,0,0,0,0,0,0,0,0
Wesley,213345,7,0,0,0,0,0,0,0,0
Hayden,153127,4,0,0,0,0,0,0,0,0
Karius,104542,4,17,1,-16,0,0,0,1,1
Sanson,122775,7,0,0,0,0,0,0,0,0
Saint-Maximin,170137,4,0,0,0,0,0,0,0,0
Davis,221239,7,0,0,0,0,0,0,0,0
Hause,123354,7,0,0,0,0,0,0,0,0
Kuol,564510,4,0,0,0,0,0,0,0,0
Fraser,90105,4,0,0,0,0,0,0,0,0
J.Ramsey,232653,7,101,121,20,0,0,0,29,29
Bertrand Traoré,110504,7,6,6,0,0,0,0,2,2
Ritchie,56983,4,49,58,9,0,0,0,17,17
Watts,232977,4,0,0,0,0,0,0,0,0
Hendrick,83314,4,0,0,0,0,0,0,0,0
Gillespie,81441,4,0,0,0,0,0,0,0,0
Mings,149484,7,5,-3,-8,0,0,0,0,0
James,225796,8,106,61,-45,0,0,0,11,11
Chukwuemeka,478912,8,53,59,6,0,0,0,16,16
Ugochukwu,503714,8,62,64,2,0,0,0,13,13
Maatsen,441302,8,24,25,1,0,0,0,11,11
Doak,496208,14,3,3,0,0,0,0,1,1
Bettinelli,122074,8,-3,-3,0,0,0,0,-1,-1
Ziyech,124183,8,0,0,0,0,0,0,0,0
Baba,118335,8,0,0,0,0,0,0,0,0
McConnell,491501,14,8,9,1,0,0,0,3,3
Bajcetic,535928,14,3,5,2,0,0,0,1,1
Clark,491970,14,7,10,3,0,0,0,5,5
Phillips,197464,14,0,0,0,0,0,0,0,0
M.Sarr,204727,8,0,0,0,0,0,0,0,0
Ângelo,518620,8,0,0,0,0,0,0,0,0
Thiago,61558,14,3,3,0,0,0,0,1,1
Arrizabalaga,109745,8,0,0,0,0,0,0,0,0
Andrey,532605,8,1,1,0,0,0,0,1,1
Burstow,534392,8,6,6,0,0,0,0,2,2
Matip,60914,14,145,112,-33,0,0,0,21,21
Adrián,60706,14,0,0,0,0,0,0,0,0
Aubameyang,54694,8,0,0,0,0,0,0,0,0
Slonina,471798,8,0,0,0,0,0,0,0,0
Bergström,482158,8,0,0,0,0,0,0,0,0
Fabinho,116643,14,0,0,0,0,0,0,0,0
W.Fofana,444463,8,0,0,0,0,0,0,0,0
Van den Berg,444765,14,0,0,0,0,0,0,0,0
Ampadu,199598,8,0,0,0,0,0,0,0,0
Pulisic,176413,8,0,0,0,0,0,0,0,0
Azpilicueta,41328,8,0,0,0,0,0,0,0,0
Lukaku,66749,8,0,0,0,0,0,0,0,0
Henderson,56979,14,0,0,0,0,0,0,0,0
Thomas,167199,3,142,152,10,0,0,0,24,24
Turner,224068,17,278,169,-109,0,0,0,41,41
Ramsdale,225321,3,90,71,-19,0,0,0,20,20
J.Timber,445122,3,4,4,0,0,0,0,0,0
Kouyaté,55037,17,32,36,4,0,0,0,12,12
Tavares,437626,17,69,37,-32,0,0,0,11,11
Smith Rowe,209289,3,73,85,12,0,0,0,25,25
Hennessey,20066,17,0,0,0,0,0,0,0,0
Horvath,168547,17,0,0,0,0,0,0,0,0
Tierney,192895,3,0,0,0,0,0,0,0,0
Marquinhos,479683,3,0,0,0,0,0,0,0,0
Biancone,437753,17,0,0,0,0,0,0,0,0
Felipe,116404,17,59,21,-38,0,0,0,7,7
Panzo,209035,17,0,0,0,0,0,0,0,0
O.Richards,204822,17,0,0,0,0,0,0,0,0
Nelson,200641,3,58,66,8,0,0,0,16,16
Mighten,244930,17,0,0,0,0,0,0,0,0
Pepe,195735,3,0,0,0,0,0,0,0,0
Freuler,89076,17,0,0,0,0,0,0,0,0
Hein,463748,3,0,0,0,0,0,0,0,0
Xhaka,84450,3,0,0,0,0,0,0,0,0
B.Aguilera,461682,17,0,0,0,0,0,0,1,1
O'Brien,243345,17,0,0,0,0,0,0,0,0
Dennis,230251,17,0,0,0,0,0,0,0,0
Bowler,245830,17,0,0,0,0,0,0,0,0
Surridge,217331,17,0,0,0,0,0,0,0,0
Fábio Vieira,438098,3,67,79,12,0,0,0,24,24
Cédric,58822,3,15,16,1,0,0,0,3,3
G.Shelvey,450197,17,0,0,0,0,0,0,0,0
G.Scarpa,185253,17,0,0,0,0,0,0,0,0
J.Shelvey,50232,17,0,0,0,0,0,0,0,0
Ui-jo,201440,17,0,0,0,0,0,0,0,0
Laryea,221403,17,0,0,0,0,0,0,0,0
Mbe Soh,242885,17,0,0,0,0,0,0,0,0
M.Elneny,153256,3,16,18,2,0,0,0,6,6
Powell,547659,17,0,0,0,0,0,0,0,0
Balogun,232223,3,0,0,0,0,0,0,0,0
Cook,56917,17,0,0,0,0,0,0,0,0
Holding,156074,31,0,0,0,0,0,0,0,0
Arter,48615,17,0,0,0,0,0,0,0,0
Dräger,173399,17,0,0,0,0,0,0,0,0
Rúnarsson,115918,3,0,0,0,0,0,0,0,0
Ojeda,437476,17,0,0,0,0,0,0,0,0
Tete,167074,54,161,91,-70,0,0,0,27,27
Lukić,212314,54,157,172,15,0,0,0,43,43
Mitrović,128389,54,6,8,2,0,0,0,1,1
Holgate,194164,49,69,-31,-100,0,0,0,1,1
Lonergan,11948,11,0,0,0,0,0,0,0,0
Godfrey,198826,11,166,126,-40,0,0,0,37,37
André Gomes,120250,11,64,77,13,0,0,0,20,20
Onyango,461446,11,3,3,0,0,0,0,1,1
De Fougerolles,547686,54,0,0,0,0,0,0,0,0
Gray,172632,11,0,0,0,0,0,0,0,0
Gbamin,160987,11,0,0,0,0,0,0,0,0
Simms,218997,11,0,0,0,0,0,0,0,0
Cannon,461416,11,3,3,0,0,0,0,1,1
Francois,432931,54,0,0,0,0,0,0,0,0
Rodák,155529,54,-3,-3,0,0,0,0,-1,-1
Kongolo,109434,54,0,0,0,0,0,0,0,0
I.Cavaleiro,166324,54,0,0,0,0,0,0,0,0
Y. Chermiti,491012,11,28,36,8,0,0,0,16,16
Dele,108823,11,0,0,0,0,0,0,0,0
Stansfield,490146,54,0,0,0,0,0,0,0,0
Dibley-Dias,515023,54,0,0,0,0,0,0,0,0
Knockaert,83543,54,0,0,0,0,0,0,0,0
J.Virginia,222627,11,0,0,0,0,0,0,0,0
Mbabu,120721,54,0,0,0,0,0,0,0,0
T.Davies,173807,49,11,15,4,0,0,0,7,7
Vítek,477733,1,0,0,0,0,0,0,0,0
Endo,158983,14,250,281,31,0,0,0,47,47
Humphreys,461188,8,0,0,0,0,0,0,0,0
Lavia,514356,8,2,3,1,0,0,0,1,1
Marschall,462381,7,0,0,0,0,0,0,0,0
Gore,504598,1,5,6,1,0,0,0,1,1
Brierley,494041,94,0,0,0,0,0,0,0,0
Delcroix,247245,90,88,-8,-96,0,0,0,7,7
A.Ramsey,447715,90,62,69,7,0,0,0,18,18
Zych,516159,7,0,0,0,0,0,0,0,0
Beach,474803,8,0,0,0,0,0,0,0,0
Johnson,611011,102,5,-15,-20,0,0,0,0,0
Krul,20480,102,0,0,0,0,0,0,0,0
Deivid,617054,8,5,5,0,0,0,0,2,2
Diego Moreira,491011,8,0,0,0,0,0,0,0,0
Harris,515024,54,2,6,4,0,0,0,2,2
Thomas,244619,49,80,-21,-101,0,0,0,7,7
Altay,451302,1,0,0,0,0,0,0,0,0
Baleba,535301,36,174,211,37,0,0,0,34,34
Ghoddos,205836,94,127,140,13,0,0,0,26,26
Benda,428971,54,0,0,0,0,0,0,0,0
González,593001,39,3,4,1,0,0,0,1,1
S.Bueno,231480,39,124,57,-67,0,0,0,13,13
Fraser,531363,39,17,24,7,0,0,0,7,7
Phillips,548308,6,0,0,0,0,0,0,0,0
Massengo,437757,90,11,11,0,0,0,0,3,3
Lenglet,171101,7,207,115,-92,0,0,0,24,24
Petrović,457569,8,414,390,-24,5,5,0,71,71
Amrabat,172912,1,125,135,10,0,0,0,26,26
Sangaré,210462,17,89,98,9,0,0,0,25,25
M.Trésor,437748,90,73,76,3,0,0,0,20,20
Origi,152760,17,59,71,12,0,0,0,25,25
Omobamidele,466404,17,94,37,-57,0,0,0,11,11
Odysseas,111452,17,79,32,-47,0,0,0,12,12
Olakigbe,501284,94,14,16,2,0,0,0,8,8
Gilchrist,514280,8,67,45,-22,0,0,0,20,20
Matos,519198,8,2,2,0,0,0,0,1,1
Stutter,517996,8,0,0,0,0,0,0,0,0
Ballo-Touré,225897,54,18,16,-2,0,0,0,5,5
Hunt,447261,11,0,0,0,0,0,0,0,0
Brooking,248854,8,0,0,0,0,0,0,0,0
Ola-Adebomi,531993,31,0,0,0,0,0,0,0,0
Ozoh,531989,31,27,27,0,0,0,0,8,8
Donley,513588,6,3,4,1,0,0,0,2,2
Kim Ji-Soo,570241,94,0,0,0,0,0,0,0,0
Chambers,462491,14,0,0,0,0,0,0,0,0
Raymond,474908,31,0,0,0,0,0,0,0,0
Buyabu,601496,49,0,0,0,0,0,0,0,0
Oné,585472,49,3,3,0,0,0,0,1,1
Luker,608060,102,0,0,0,0,0,0,0,0
Scanlon,519328,14,0,22,22,0,0,0,0,0
Tanton,487693,54,0,0,0,0,0,0,0,0
Adedokun,516432,94,0,0,0,0,0,0,0,0
Nelson,589114,102,6,6,0,0,0,0,2,2
Baker-Boaitey,475480,36,10,10,0,0,0,0,4,4
O’Mahony,574402,36,5,5,0,0,0,0,2,2
Yarmoliuk,508395,94,95,108,13,0,0,0,33,33
Nyoni,591386,14,0,0,0,0,0,0,0,0
Peart-Harris,450539,94,6,8,2,0,0,0,3,3
Parkinson,547716,4,2,2,0,0,0,0,1,1
Diallo,248859,4,3,3,0,0,0,0,1,1
Dorrington,519321,6,0,0,0,0,0,0,0,0
Walters,535262,3,0,0,0,0,0,0,0,0
Sagoe,516874,3,0,0,0,0,0,0,0,0
Ibrahim,535264,3,0,0,0,0,0,0,0,0
Ndiweni,490150,4,3,3,0,0,0,0,1,1
Hugill,515504,1,0,0,0,0,0,0,0,0
Duffus,532528,36,0,0,0,0,0,0,0,0
Jackson,514154,36,0,0,0,0,0,0,0,0
Kavanagh,513836,36,0,0,0,0,0,0,0,0
Angelini,563883,94,0,0,0,0,0,0,0,0
Yago Santiago,492779,6,0,0,0,0,0,0,0,0
Hubner,504750,39,0,0,0,0,0,0,0,0
Whittingham,483398,39,0,0,0,0,0,0,0,0
Chirewa,497606,39,21,25,4,0,0,0,8,8
Pitaluga,443629,14,0,0,0,0,0,0,0,0
Castledine,517995,8,0,0,0,0,0,0,0,0
Barrington,500052,36,0,0,0,0,0,0,0,0
Peck,552425,49,3,3,0,0,0,0,1,1
Kambwala,518466,1,48,10,-38,0,0,0,5,5
Lewis-Skelly,499169,3,0,0,0,0,0,0,0,0
Proctor,564505,7,0,0,0,0,0,0,0,0
Adaramola,501468,31,0,0,0,0,0,0,0,0
Susoho,496283,43,0,0,0,0,0,0,0,0
Campbell,491745,11,0,0,0,0,0,0,0,0
Metcalfe,491557,11,0,0,0,0,0,0,0,0
O'Reilly,515599,7,0,0,0,0,0,0,0,0
Hesketh,432712,39,0,0,0,0,0,0,0,0
Barnett,490095,39,0,0,0,0,0,0,0,0
Bennett,515500,1,0,0,0,0,0,0,0,0
Hamilton,462438,43,0,0,0,0,0,0,0,0
Nwaneri,499175,3,3,4,1,0,0,0,1,1
Casey,518438,21,3,3,0,0,0,0,1,1
Orford,518442,21,0,0,0,0,0,0,0,0
Scarles,536109,21,0,0,0,0,0,0,0,0
Marshall,565431,21,0,0,0,0,0,0,0,0
Drăgușin,493125,6,82,58,-24,0,0,0,14,14
Mosquera,501837,39,0,0,0,0,0,0,0,0
Peupion,491598,36,0,0,0,0,0,0,0,0
Griffiths,449133,39,0,0,0,0,0,0,0,0
Gardner,536681,17,0,0,0,0,0,0,0,0
Osong,536677,17,0,0,0,0,0,0,0,0
McDonnell,524070,17,0,0,0,0,0,0,0,0
Gordon,496185,14,3,3,0,0,0,0,1,1
Beck,430992,14,2,2,0,0,0,0,1,1
Wright,481283,7,0,0,0,0,0,0,0,0
Grbić,173268,49,149,51,-98,0,0,0,15,15
Casadei,505187,8,38,39,1,0,0,0,11,11
N.Lemina,550833,39,0,0,0,0,0,0,0,0
Fredrick,612534,94,0,0,0,0,0,0,0,0
Valdimarsson,507433,94,0,0,0,0,0,0,0,0
Kinsey,496683,91,0,0,0,0,0,0,0,0
Faivre,441240,91,9,13,4,0,0,0,4,4
Hernes,592436,4,0,0,0,0,0,0,0,0
Kesler-Hayden,465390,7,9,9,0,0,0,0,3,3
White,461484,4,9,9,0,0,0,0,3,3
Sekularac,511504,54,0,0,0,0,0,0,0,0
Rogers,244850,7,114,133,19,0,0,0,35,35
Reyna,427420,17,44,50,6,0,0,0,13,13
Ribeiro,551232,17,9,9,0,0,0,0,4,4
Hashioka,209293,102,72,-6,-78,0,0,0,4,4
Estève,477717,90,157,61,-96,0,0,0,15,15
King,577725,54,0,0,0,0,0,0,0,0
Sadi,550596,91,3,3,0,0,0,0,1,1
Wright,516250,43,0,0,0,0,0,0,0,0
Mrozek,518199,14,0,0,0,0,0,0,0,0
Koumas,514514,14,0,0,0,0,0,0,0,0
Bandeira,504751,3,0,0,0,0,0,0,0,0
Barco,543158,36,33,8,-25,0,0,0,5,5
Blacker,591539,49,0,0,0,0,0,0,0,0
Arblaster,532372,49,131,145,14,0,0,0,19,19
Harrison,597983,8,0,0,0,0,0,0,0,0
Samuels-Smith,536238,8,0,0,0,0,0,0,0,0
Danns,500058,14,1,1,0,0,0,0,1,1
Sweet,503308,3,0,0,0,0,0,0,0,0
Gauci,462492,7,0,0,0,0,0,0,0,0
Umeh-Chibueze,574398,31,0,0,0,0,0,0,0,0
Curtis,549344,49,2,2,0,0,0,0,1,1
Sasnauskas,616094,49,0,0,0,0,0,0,0,0
Collyer,490881,1,0,0,0,0,0,0,0,0
Earthy,490885,21,27,29,2,0,0,0,8,8
Kinsey,496683,91,0,0,0,0,0,0,0,0
Rodney,530318,31,0,0,0,0,0,0,0,0
Tauriainen,514277,8,3,3,0,0,0,0,1,1
Ogunneye,519325,1,0,0,0,0,0,0,0,0
Okoduwa,613467,39,0,0,0,0,0,0,0,0
Piesold,547668,102,0,0,0,0,0,0,0,0
Acheampong,577016,8,4,4,0,0,0,0,1,1
Mee,461537,1,0,0,0,0,0,0,0,0
Arthur,622536,94,0,0,0,0,0,0,0,0
Martins,647597,102,0,0,0,0,0,0,0,0
Nallo,611926,14,0,0,0,0,0,0,0,0
Chiwome,589507,39,12,12,0,0,0,0,5,5
Chouchane,513840,36,0,0,0,0,0,0,0,0
Mathurin,493121,31,0,0,0,0,0,0,0,0
Warrington,461453,11,3,3,0,0,0,0,1,1
Holman,602934,39,0,0,0,0,0,0,0,0
Offiah,445548,36,21,11,-10,0,0,0,4,4
Chigozie,634640,102,0,0,0,0,0,0,0,0
Sharman-Lowe,499857,8,0,0,0,0,0,0,0,0
Amass,577974,1,0,0,0,0,0,0,0,0
George,550615,8,0,0,0,0,0,0,0,0
Dyer,559963,8,0,0,0,0,0,0,0,0
Dacosta Gonzalez,596572,91,0,0,0,0,0,0,0,0
Wheatley,575034,1,6,6,0,0,0,0,3,3
Harris,551995,102,0,0,0,0,0,0,0,0
Hampson,591538,49,0,0,0,0,0,0,0,0
Jackson,530117,1,0,0,0,0,0,0,0,0
McKenna,568791,91,0,0,0,0,0,0,0,0
Munroe,521966,7,3,3,0,0,0,0,1,1
Ojinnaka,514362,39,0,0,0,0,0,0,0,0
Curd,518892,8,0,0,0,0,0,0,0,0
Sturge,496222,8,0,0,0,0,0,0,0,0
Moore,499721,6,4,4,0,0,0,0,2,2
Atom,549014,36,0,0,0,0,0,0,0,0
Hall,563934,6,0,0,0,0,0,0,0,0
Konak,628204,94,0,0,0,0,0,0,0,0
Crellin,438405,11,0,0,0,0,0,0,0,0
Emery,646754,7,0,0,0,0,0,0,0,0
Young,537403,7,0,0,0,0,0,0,0,0
